cpu  307063 258 146959 9876550 5476 0 1753 0 0 0
cpu0 12429 5 6413 408107 254 0 515 0 0 0
cpu1 13952 70 6075 409951 287 0 242 0 0 0
cpu2 13986 4 6310 410325 236 0 123 0 0 0
cpu3 16947 10 7479 405690 267 0 285 0 0 0
cpu4 16288 50 7191 407055 279 0 30 0 0 0
cpu5 15110 9 6560 409107 261 0 32 0 0 0
cpu6 13662 6 6077 411090 214 0 36 0 0 0
cpu7 12496 6 5780 412657 203 0 37 0 0 0
cpu8 12528 4 5672 412701 192 0 39 0 0 0
cpu9 13420 3 5890 411182 218 0 77 0 0 0
cpu10 13757 3 6204 410682 263 0 31 0 0 0
cpu11 13697 27 6373 410555 272 0 35 0 0 0
cpu12 11732 3 5174 413987 187 0 45 0 0 0
cpu13 9604 4 4516 416547 159 0 203 0 0 0
cpu14 9564 3 4720 416742 219 0 2 0 0 0
cpu15 11346 4 5618 413823 208 0 2 0 0 0
cpu16 10693 3 10574 406462 227 0 2 0 0 0
cpu17 12458 4 6343 411879 224 0 1 0 0 0
cpu18 11224 8 5091 414703 212 0 1 0 0 0
cpu19 11617 2 5602 413599 210 0 2 0 0 0
cpu20 11687 7 5363 414016 195 0 1 0 0 0
cpu21 13141 5 6446 411081 201 0 1 0 0 0
cpu22 13064 6 5785 412003 267 0 1 0 0 0
cpu23 12649 5 5689 412597 210 0 1 0 0 0
intr 60554286 138 0 0 0 0 0 0 0 0 1 0 0 0 0 0 0 0 0 0 0 0 0 0 0 0 0 0 0 1 0 0 0 0 0 0 0 0 0 0 0 219 0 0 0 0 0 0 1069 0 0 0 0 0 0 0 0 0 0 90899 0 0 0 0 0 0 0 0 831 0 810 0 0 0 0 0 0 0 0 2882 762 2279 2046 536 964 547 3569 5541 814 1686 848 1207 2209 1155 941 646 505 1418 1728 2009 722 1668 1383 1131 0 0 0 0 0 0 0 0 0 0 118713 6534 6271 4123 18973 5201 6888 7404 7422 8570 5784 6124 6451 8319 8474 5 2641 0 0 0 796384 0 0 0 0 0 0 0 0 0 0 0 0 0 0 0 0 0 0 0 0 0 0 0 0 0 0 0 0 0 0 0 0 0 0 0 0 0 0 0 0 0 0 0 0 0 0 0 0 0 0 0 0 0 0 0 0 0 0 0 0 0 0 0 0 0 0 0 0 0 0 0 0 0 0 0 0 0 0 0 0 0 0 0 0 0 0 0 0 0 0 0 0 0 0 0 0 0 0 0 0 0 0 0 0 0 0 0 0 0 0 0 0 0 0 0 0 0 0 0 0 0 0 0 0 0 0 0 0 0 0 0 0 0 0 0 0 0 0 0 0 0 0 0 0 0 0 0 0 0 0 0 0 0 0 0 0 0 0 0 0 0 0 0 0 0 0 0 0 0 0 0 0 0 0 0 0 0 0 0 0 0 0 0 0 0 0 0 0 0 0 0 0 0 0 0 0 0 0 0 0 0 0 0 0 0 0 0 0 0 0 0 0 0 0 0 0 0 0 0 0 0 0 0 0 0 0 0 0 0 0 0 0 0 0 0 0 0 0 0 0 0 0 0 0 0 0 0 0 0 0 0 0 0 0 0 0 0 0 0 0 0 0 0 0 0 0 0 0 0 0 0 0 0 0 0 0 0 0 0 0 0 0 0 0 0 0 0 0 0 0 0 0 0 0 0 0 0 0 0 0 0 0 0 0 0 0 0 0 0 0 0 0 0 0 0 0 0 0 0 0 0 0 0 0 0 0 0 0 0 0 0 0 0 0 0 0 0 0 0 0 0 0 0 0 0 0 0 0 0 0 0 0 0 0 0 0 0 0 0 0 0 0 0 0 0 0 0 0 0 0 0 0 0 0 0 0 0 0 0 0 0 0 0 0 0 0 0 0 0 0 0 0 0 0 0 0 0 0 0 0 0 0 0 0 0 0 0 0 0 0 0 0 0 0 0 0 0 0 0 0 0 0 0 0 0 0 0 0 0 0 0 0 0 0 0 0 0 0 0 0 0 0 0 0 0 0 0 0 0 0 0 0 0 0 0 0 0 0 0 0 0 0 0 0 0 0 0 0 0 0 0 0 0 0 0 0 0 0 0 0 0 0 0 0 0 0 0 0 0 0 0 0 0 0 0 0 0 0 0 0 0 0 0 0 0 0 0 0 0 0 0 0 0 0 0 0 0 0 0 0 0 0 0 0 0 0 0 0 0 0 0 0 0 0 0 0 0 0 0 0 0 0 0 0 0 0 0 0 0 0 0 0 0 0 0 0 0 0 0 0 0 0 0 0 0 0 0 0 0 0 0 0 0 0 0 0 0 0 0 0 0 0 0 0 0 0 0 0 0 0 0 0 0 0 0 0 0 0 0 0 0 0 0 0 0 0 0 0 0 0 0 0 0 0 0 0 0 0 0 0 0 0 0 0 0 0 0 0 0 0 0 0 0 0 0 0 0 0 0 0 0 0 0 0 0 0 0 0 0 0 0 0 0 0 0 0 0 0 0 0 0 0 0 0 0 0 0 0 0 0 0 0 0 0 0 0 0 0 0 0 0 0 0 0 0 0 0 0 0 0 0 0 0 0 0 0 0 0 0 0 0 0 0 0 0 0 0 0 0 0 0 0 0 0 0 0 0 0 0 0 0 0 0 0 0 0 0 0 0 0 0 0 0 0 0 0 0 0 0 0 0 0 0 0 0 0 0 0 0 0 0 0 0 0 0 0 0 0 0 0 0 0 0 0 0 0 0 0 0 0 0 0 0 0 0 0 0 0 0 0 0 0 0 0 0 0 0 0 0 0 0 0 0 0 0 0 0 0 0 0 0 0 0 0 0 0 0 0 0 0 0 0 0 0 0 0 0 0 0 0 0 0 0 0 0 0 0 0 0 0 0 0 0 0 0 0 0 0 0 0 0 0 0 0 0 0 0 0 0 0 0 0 0 0 0 0 0 0 0 0 0 0 0 0 0 0 0 0 0 0 0 0 0 0 0 0 0 0 0 0 0 0 0 0 0 0 0 0 0 0 0 0 0 0 0 0 0 0 0 0 0 0 0 0 0 0 0 0 0 0 0 0 0 0 0 0 0 0 0 0 0 0 0 0 0 0 0 0 0 0 0 0 0 0 0 0 0 0 0 0 0 0 0 0 0 0 0 0 0 0 0 0 0 0 0 0 0 0 0 0 0 0 0 0 0 0 0 0 0 0 0 0 0 0 0 0 0 0 0 0 0 0 0 0 0 0 0 0 0 0 0 0 0 0 0 0 0 0 0 0 0 0 0 0 0 0 0 0 0 0 0 0 0 0 0 0 0 0 0 0 0 0 0 0 0 0 0 0 0 0 0 0 0 0 0 0 0 0 0 0 0 0 0 0 0 0 0 0 0 0 0 0 0 0 0 0 0 0 0 0 0 0 0 0 0 0 0 0 0 0 0 0 0 0 0 0 0 0 0 0 0 0 0 0 0 0 0 0 0 0
ctxt 83627164
btime 1726912263
processes 71131
procs_running 2
procs_blocked 0
softirq 12578512 78395 746765 49 248828 27975 0 25900 6144147 123 5306330
